restype,fir
fs,50000.0
gain,3.0
wintype,1
filttype,bpf
pbstart,2000.0
pbend,4000.0
tb,500.0
atten,30.0
ntaps,137
taps,0.0,1.2762718142766971e-05,5.419156877906062e-05,0.00010859752364922315,0.00013396421854849905,7.543241372331977e-05,-0.0001101586822187528,-0.00042792028398253024,-0.0008284482173621655,-0.0012108533410355449,-0.0014485338469967246,-0.0014321936760097742,-0.001116544590331614,-0.0005529080517590046,0.00010824551281984895,0.0006526153883896768,0.000870481482706964,0.0006402567960321903,-7.074476250930183e-18,-0.0008216945570893586,-0.0014357735635712743,-0.0013874097494408488,-0.0002979296550620347,0.0019824893679469824,0.005258527118712664,0.00895451009273529,0.012187948450446129,0.013951023109257221,0.013366336934268475,0.009955218061804771,0.003843072336167097,-0.004167402628809214,-0.012696621008217335,-0.02006000466644764,-0.02466004341840744,-0.02540605142712593,-0.022048844024538994,-0.015326473861932755,-0.006856616586446762,0.0012263818643987179,0.006820968817919493,0.008464866317808628,0.005836828611791134,-3.0437860953064816e-17,-0.006715734023600817,-0.011209978722035885,-0.01040409691631794,-0.0021568615920841694,0.013924378901720047,0.03600698336958885,0.060063473880290985,0.0804738998413086,0.09112857282161713,0.08682659268379211,0.0646694228053093,0.025116413831710815,-0.027585454285144806,-0.085767462849617,-0.1395021378993988,-0.1783825010061264,-0.1935826987028122,-0.1797766089439392,-0.1364932358264923,-0.06858431547880173,0.014346507377922535,0.09948805719614029,0.17306526005268097,0.22285032272338867,0.24044185876846313,0.22285032272338867,0.17306526005268097,0.09948805719614029,0.014346507377922535,-0.06858431547880173,-0.1364932358264923,-0.1797766089439392,-0.1935826987028122,-0.1783825010061264,-0.1395021378993988,-0.085767462849617,-0.027585454285144806,0.025116413831710815,0.0646694228053093,0.08682659268379211,0.09112857282161713,0.0804738998413086,0.060063473880290985,0.03600698336958885,0.013924378901720047,-0.0021568615920841694,-0.01040409691631794,-0.011209978722035885,-0.006715734023600817,-3.0437860953064816e-17,0.005836828611791134,0.008464866317808628,0.006820968817919493,0.0012263818643987179,-0.006856616586446762,-0.015326473861932755,-0.022048844024538994,-0.02540605142712593,-0.02466004341840744,-0.02006000466644764,-0.012696621008217335,-0.004167402628809214,0.003843072336167097,0.009955218061804771,0.013366336934268475,0.013951023109257221,0.012187948450446129,0.00895451009273529,0.005258527118712664,0.0019824893679469824,-0.0002979296550620347,-0.0013874097494408488,-0.0014357735635712743,-0.0008216945570893586,-7.074476250930183e-18,0.0006402567960321903,0.000870481482706964,0.0006526153883896768,0.00010824551281984895,-0.0005529080517590046,-0.001116544590331614,-0.0014321936760097742,-0.0014485338469967246,-0.0012108533410355449,-0.0008284482173621655,-0.00042792028398253024,-0.0001101586822187528,7.543241372331977e-05,0.00013396421854849905,0.00010859752364922315,5.419156877906062e-05,1.2762718142766971e-05,0.0
