restype,fir
fs,50000.0
gain,2.0
wintype,0
filttype,lpf
pbend,5000.0
sbstart,6000.0
atten,20.0
ntaps,45
taps,0.002200983464717865,0.0015084620099514723,-1.5374721259510339e-18,-0.0023934924975037575,-0.00514558469876647,-0.006848642602562904,-0.005582269746810198,4.540798873623107e-18,0.00932279322296381,0.019108062610030174,0.02393517643213272,0.018363814800977707,-9.437846239099328e-18,-0.02783125638961792,-0.055313464254140854,-0.06819623708724976,-0.05244793742895126,1.3836403961768429e-17,0.08669032901525497,0.19336993992328644,0.29699617624282837,0.37232622504234314,0.39987388253211975,0.37232622504234314,0.29699617624282837,0.19336993992328644,0.08669032901525497,1.3836403961768429e-17,-0.05244793742895126,-0.06819623708724976,-0.055313464254140854,-0.02783125638961792,-9.437846239099328e-18,0.018363814800977707,0.02393517643213272,0.019108062610030174,0.00932279322296381,4.540798873623107e-18,-0.005582269746810198,-0.006848642602562904,-0.00514558469876647,-0.0023934924975037575,-1.5374721259510339e-18,0.0015084620099514723,0.002200983464717865
